5.478034534124715 -21.637682046995458
-21.29584465277241 6.836551953190381
-1.0258738411302148 13.06980894518527
-14.812318609253659 9.875965925688234
-9.113913232953658 -23.556013815688175
-18.158089667972945 19.02119278199422
21.737022483828547 8.435164363636
-19.459127515983806 21.43232759397764
-10.418944146615916 -6.543396933874254
15.57901504086642 20.2553607285409
-19.59694255398173 -2.703971748107861
14.666675583870397 -22.81122357307144
-4.6913305155150935 9.322546028002185
16.570473783413384 -1.999405011236155
2.6666497676607612 4.031715668509797
17.798020261497307 0.23022442264117315
-18.359365742027048 11.42395076818252
-10.364279410076055 -15.481995630242718
14.670154175758885 -3.8474069260630737
2.1411362502320506 -18.145858438321376
17.03371703791113 -12.64799520615158
-20.423359660773137 3.565242710886918
-21.223259105133494 -16.555864902399602
4.760254731804067 23.12644741220611
6.425786250383636 -8.330295738635698
-15.030466993495661 21.344896899098853
7.584141171442618 -21.70460811705468
-16.145737196225408 5.081991215773635
-3.9906579053348463 0.5749058583990829
2.151015685084162 1.2440605783177516
-4.565368830731001 -24.317868957076307
-12.479517466637372 -14.449942935193786
-20.479956149304282 19.30414468568028
21.132772580667414 -20.51233708819646
-11.24187379407466 -6.648943805225127
-2.1990445860140815 7.4811093284350285
3.71277527394715 6.1604200950751
-11.305939516040258 21.74412260136812
5.81195275965804 -9.783264889803508
-17.08323763727484 -15.919375697461135
8.762576629388235 8.282184227847312
4.545474151985496 -14.102468060553205
9.3236307060844 -17.0941914313136
16.09157744172657 24.32117246686265
19.28759008806589 -16.791043548542742
-7.883431496165716 -6.766154230348908
24.97399965346918 11.479611393559585
-7.352325350230418 1.6890212140113907
11.373540949237876 -0.2188947306696526
3.7518090646701365 18.81659110655751
-14.385688991914519 13.79848047002255
-22.310889619281923 -12.036229369746954
-18.7904591882532 -23.17833838075572
-9.877649460911522 11.086506812856523
-16.297816738149535 -0.13911042202242596
-5.352983015467921 -4.171881737746966
7.835564374387746 -6.381278991076381
20.406925311113124 -4.077200056699523
13.746626138037179 20.06030441040063
-18.108612665278514 17.002056244937897
-11.321300957496097 -7.415900123587702
21.42173545015492 21.35971472290331
1.9228378106808164 21.31342620408153
-16.97091376609661 10.949282524624723
16.68285223256826 8.377865702924723
2.9447801396995517 22.391822793155455
3.385035760069327 23.226716748221335
1.6330533002905934 -4.07639934012419
-9.196517079797456 -21.105745401221274
-1.0151131034187606 1.6477545652118204
11.785217979072716 9.247098155493095
-23.52114347148855 4.170128617081891
24.78033611956946 0.19562848362007224
6.877823794358262 0.8552221980654473
-1.211678271228442 -14.07981737497359
-10.409635678952117 -12.15471224514451
8.191732401803675 15.380205653387883
-2.3057752033752763 21.460396372699645
-7.643769011898177 24.06169070381748
-24.553335785843156 16.997133017723698
-24.174128313583697 22.663952790720483
-18.426214289582855 14.16447601463224
-2.0112949550999293 -4.837005425212956
16.2539318704159 19.547196288040265
24.74097045821774 18.949630820790574
-20.899003004707737 11.695187253440583
-0.46324142545798586 -14.38417496897497
-23.915447047526396 3.7231829286462874
-9.501047377901337 16.327767843518874
24.255225189363795 -20.39471676113952
16.60334608387327 -0.7328714752287968
-19.653406287287297 -6.996426764118723
-22.5971456715528 1.6463965544379344
-15.154908523909741 0.3091945205724089
16.581131693347047 -24.859924772187554
-1.7449299074878772 22.636933381018444
13.313231482946794 21.1808372972677
11.823613516235227 20.999864131668446
3.299933332444424 -17.514956787701923
-10.622414749054347 1.7115858890584812
-20.270213598577108 15.020122163989669
15.900219514036934 -11.838591781621197
24.265408338293252 -13.601950581709943
-16.96891846384198 -2.924040771631822
21.757671889064984 9.066300538499872
5.391059422268474 8.496466938538344
24.35115232631821 12.403117727523375
3.1714160098918365 -10.556219246637863
5.80030249428298 -16.855625647265867
19.063592541868918 8.302992651099675
-7.1458524366378615 24.879569999178337
7.796181367744751 -4.662819166424159
-13.802379079180739 -13.448698809994214
10.923242686238229 23.24876869060398
-9.743918766356302 -11.748864624602955
-3.013175233101309 -0.25533880202450177
0.3176687502866288 -11.228365995435949
21.978386175079585 -20.829475448541594
4.348096444953786 20.120696655994124
-12.623851352039168 13.62354726302285
21.05968995007054 1.6576342894536467
1.1374036144712607 13.420586749526061
3.5697692341298826 -22.89634865213126
8.550722404110678 -20.581660046565986
-11.509431239928317 -6.302147191691537
-14.887767613377159 5.529931782069275
-1.9158994655825379 -20.15642727313134
-12.673893047439536 0.26691928724344727
3.8489489119463953 2.36242560959177
-15.847441361677387 -7.294137770971101
-18.548886103028867 8.043824769433646
23.99322005367001 14.73340093663203
-9.794048539590513 18.770378625992077
23.65049642364089 23.15055604284607
-23.22293484907176 -9.371444381561659
-2.748203844457073 6.441336402394801
4.017048736710343 -6.313524540747428
5.045886277887885 7.7685740512703685
-1.7726421155347338 22.695891304446747
1.5098238725325093 4.493676592667672
-21.22266410817688 9.121498490036103
21.08898135848818 -7.665807416323586
15.491402373650873 23.558191338681723
9.557438371115337 -17.36831231644684
3.7381907588412284 13.227688732739992
-1.3845957608425414 -21.721115557213
-23.42692883954228 11.087948489626944
-18.322882545282702 -4.3552245017053375
15.630732225866165 12.977972125863616
16.06049763267538 5.270573624970284
-3.1028949284127276 -11.629612052952742
9.030472633485815 -17.168214068315102
11.670842549476848 -14.558262765699462
5.333691488369205 -0.28639125572447743
21.22646155718678 -22.0791882737318
-14.02471215530432 -20.55460825822633
15.705501800866273 24.903242761572493
-20.642837128729514 -1.0087954129227583
-1.040904186812458 -10.971780676143622
-12.642948097429985 1.9504807222045812
-3.3699240567110933 8.80300452648888
-9.150907088874968 12.765756562725372
-13.301796646123574 18.098799591623926
16.248279862801844 9.705386361712323
14.063602549729406 0.15867863689356665
9.490642611911133 13.492748176474917
22.86998225728638 -14.507811751085509
-17.809833998095083 21.429964280267132
-0.8020860296733517 -13.880891192364492
4.485339304175789 13.012588637633357
-21.60844932515797 -3.2580285046381356
6.513344013969224 4.295701114193623
23.81938769435331 16.02211886627875
-23.535050558369498 5.938327449951203
-0.31096799741158754 -7.327588802257076
16.888694881019465 -20.807592107014898
5.007254992361235 -11.125900977724024
1.215692252129144 13.985122527578248
13.535705664105976 -0.7873270119799991
-20.797187684653583 -11.8067211858218
-15.675887022481572 0.33697483477549417
-14.110031444049746 17.40299996452407
16.918867966531494 18.43830783718569
16.980363065611535 24.17649089383466
17.848378312970798 4.351130770363901
14.490970558713546 10.023120066815864
7.669370608384918 -16.62768388009326
20.414299220973998 -9.97302391753308
9.135744532704157 -2.3359976935507287
-14.06357887208252 21.49032670264264
-2.5006155980339813 16.93161631715881
19.689477180475812 -12.918204607858813
10.848382336725901 -5.241062559024179
15.807832507208941 -20.992186698150874
5.265669517137564 4.031425347828929
-7.795115546884316 10.538510319898622
-13.157561564988512 20.866314013622258
1.989840340863186 -24.322513111369844
-18.440718540676613 -22.902085013809984
17.215970932364357 21.7577773155476
-9.388506463749765 20.452634486690773
14.444780617970606 16.58428465665373
24.700589351207377 17.21541642843076
-23.6755619858147 20.921164355409452
-12.050318247249233 6.763841959801156
-3.330781206679628 -4.432077155989139
8.733099073056028 8.207573915892338
23.191982789513098 -20.560476350357796
-17.797734527460737 3.9461625403933445
-20.395308549605247 4.420001046682643
-21.25419557882482 1.5191557626821117
10.95355411625874 20.704179812151093
-21.850495436834834 6.492211447168741
12.166237832600157 -23.013415297670882
-16.097402469228555 -24.15882596340232
20.105730996495893 -18.344057541251704
-12.202600831999671 -13.592172444357564
-22.455496471253188 -18.47482815528423
8.261490440177955 1.9816676439453755
8.37514013886445 -22.663221122437292
-19.941680919106105 0.1839847065285949
24.737682010881375 -0.3350657163946169
-3.092306790007229 13.539761673626016
21.16464306205389 -2.8310374321401848
10.481512254168548 -6.993882813557023
14.428747408057676 -7.044174870552303
16.892604010196347 -12.238778597855388
-6.729073046123457 -16.280097362458225
-4.73818756261703 3.3630826174357558
-16.93042525625304 -11.088605397355161
2.711072333032902 14.198106265558124
23.36999453300486 -5.078364446440123
14.226774646075524 7.216807065198
-23.753270939940116 17.252827186417232
-8.462209529110462 -15.82771282306356
1.027795297463077 2.2563715845891563
-19.18843451487148 19.04713465976676
23.00192692697897 -23.11824411010303
-15.134100626833966 -19.447831365218594
17.80958454920526 0.37836521524892697
21.73832135159868 -16.74908680049247
24.009974907258655 13.189230119178058
17.55664702396348 -13.531093806368991
18.210496650695298 -9.148726147415296
-19.547446212621907 0.25275296078185183
7.864499932798463 19.777639174954675
12.78203654416609 9.41166727275843
19.714938508143177 8.643635231846561
4.000700726304399 -13.038873605920292
5.381381579649213 -13.93142543082248
-10.446182903084914 0.27047270649418753
-12.079811928257481 -14.929172788339304
-24.619258327157347 15.426548966897858
-17.899680590028527 1.6313760964552033
1.6603591849083 -4.616475123584726
5.143361779857428 -19.80704956845642
1.700697004957699 -19.136629579129437
20.226911087544917 -22.61115663161132
-20.31375501761129 -24.629246820185873
-8.703988996425485 0.28052654790247655
-3.551775398075457 0.5608187321620384
9.261776548007623 -6.619556723229805
4.348570310325406 12.361296078017494
16.579639914462334 6.744316316063845
5.629070540514258 -12.187210512370047
6.367738652037774 23.456348280375177
12.396592812528054 -18.386726785517467
-7.704463521513497 10.08943069080207
-5.978343469486311 22.254709143545888
12.000583326165273 0.00465845192705594
-1.4139975902203368 19.17396924912104
11.882835940318717 -1.5899858063702754
15.44679768273774 21.02739122244052
3.908472151398332 -21.132631575235592
-14.237149805717717 -0.5848257534649015
18.27377433228394 -13.024742428253846
17.329355140983775 19.669991030517313
16.009556625387113 -12.877059113093834
10.410301712441218 -2.31463085318242
-24.74092342695025 21.199290208453846
-18.343454808116107 17.538286803293783
23.227134918820962 -4.148300287181103
24.61150862728566 3.753671668248537
-0.008947664604819217 20.602749692134743
-12.215440109835699 -16.842563643522773
-24.288345504701358 4.000798380578682
10.692198336432156 -8.428520277867626
11.44157289468193 -19.206208606226706
-23.546201314001532 -16.04087667871042
-13.777778547552764 22.843595655298753
-20.618077199678986 11.190684376651442
-22.726387393642906 -8.111311503018278
-7.894027402290421 -13.731784999783914
-21.60363488223021 -5.48726083309303
5.74436493029446 18.056458299308336
-19.121169651130483 6.485955520613473
-13.255976369763658 9.020153167095584
-17.843144311754173 -2.6221097637179143
-19.106090124648603 -17.216464503641436
16.735414557430374 -4.693636881509305
3.587212553683736 2.7901632700104706
0.2945140527807172 -13.007630478699186
6.732187665373107 -20.03761581968053
20.58980165754411 -20.838619079507737
-15.045727787910995 -18.739119190204327
-10.750959858287388 -9.74830801608691
2.55832421673618 -23.16444705291599
-22.29169288036658 11.049648454722524
-19.35787861778357 -1.6542432163886955
-23.86148377385892 -5.045943668149596
22.23116963340431 -8.806293227689352
-21.885542657117846 -2.70809007724441
-2.8249538335079203 -12.514185567215572
21.52595458211664 -3.617556251583043
1.125519804086328 -8.700885020135615
2.2891484643097675 -16.444556997371155
-1.2278197602148933 1.5910511702028534
-18.39771630582751 14.310868492903154
5.4497039127265 6.135863913177165
8.790674067029874 19.39518401542493
-11.124770604258183 7.154956842527149
-17.84062348863166 -14.39143084285736
-18.408338885371116 3.2114925722563163
13.841512285210145 -7.820492020555781
14.73744948820399 15.745190138029702
16.76549101314946 0.5349847767693761
-17.256891004127436 -2.954936375888026
6.520968202901484 6.311841550708169
15.761278104303319 9.13158684025435
23.774848991093496 -6.464419422014689
-19.422293008859256 -12.57634307701976
-8.049104870939672 -10.315427482188829
-8.204537830481149 -1.7503098157573476
-10.586829430848873 -9.489601717865218
13.664433438558666 -22.55293829102578
-2.278935396977766 17.1160104080168
-12.13382638012363 -18.819425275683834
-0.3028297800385493 18.397609627556736
-24.46318959441202 -16.845127512208343
22.166992338629964 -17.57453168662383
2.1263786530553777 -13.064618311489006
17.674284861597812 20.64463535209988
-8.661870088885253 8.122916441161705
12.500599185657746 19.509584691629993
15.29181639311627 17.76369037308867
1.4658183646397345 9.215807516145858
20.202299611245145 -8.48679622266465
-19.752722280194735 16.619464957634325
4.440853697133057 -11.039443969039189
-7.893750215577894 -23.47929253657385
0.7073794758411633 -0.767820780321743
-2.882331318045872 -13.12032291654848
4.805631867953836 2.874175976876567
19.118658611148273 -17.171721500450108
-12.494996802731439 -16.84841422007817
23.778635512625982 7.014133226824451
-14.300640518608008 23.6966517266284
-16.368404694102512 -22.929433175112727
-11.219663876254538 -9.405044827100898
-19.224163446200926 -20.005255948314566
-4.726708490187217 4.839322822791958
-22.400496444131505 -9.261147247629411
1.8908910275201167 -8.210799331296448
-8.937816993744214 -12.097661266568421
4.5993822267933275 -23.87716911319321
21.690022191450055 -2.906856647587494
-5.488545911798387 19.596515766102687
6.012235412609162 23.2564859293345
-11.65530845033629 -23.54906993408416
-24.407085167821744 10.27618848360028
19.587259696032326 21.53824362803031
-12.897924133876787 -1.9674670136656858
-9.335625463059783 8.991864571204594
-13.239533323656735 -16.285751598878353
6.707240368014378 23.34594755428969
2.2812336152178094 -17.43519521775597
24.007977900365983 23.81425978137168
1.9211705162448578 -2.8911986921647035
-19.08856827864885 -7.648015884177281
-17.336931879748306 -6.889105363142417
14.692442117073961 9.970943738039455
7.660457148193589 5.7606745732198625
4.063479771384132 13.224813631508002
-3.1686978054335624 -3.430820676691393
1.8537778724311227 10.493169486763943
16.835050461367647 3.0634955000618276
4.532893712606076 -18.18460273017447
2.0684309207958136 -22.945225646872107
17.504718659544473 14.39372187637908
14.735980476884952 -5.849260266030132
18.844597464157115 5.445079089254007
19.51399381722581 23.392716582015773
15.596461667197417 8.61797535131325
12.386624950672658 -4.471158803391847
16.68587585463403 -18.81218809741218
16.974828766608937 -1.6850922767460057
21.213662809715004 -3.142512378778897
-24.693170654120273 5.5171431270971985
5.377532502915383 -9.31279095999747
0.19878521391816506 13.62453956530008
-17.250914312648135 13.997111834247066
2.7159325402483363 8.6964074058111
-22.344647975818503 6.673092728612037
-16.25697283104386 14.552171545461706
-0.7223570563713283 18.533901524987435
-0.6942065579159912 -13.252463513404775
-5.810214347467493 13.655529842679975
8.21957183652055 3.1776618478669083
-12.30448308605002 -4.13874858298856
23.01324121392408 -0.9929955570890353
5.9876101882228525 -19.796544353842545
-4.115142069046565 17.335155926432453
22.121976692608026 2.2086916688176665
12.288829608695078 -15.908549597406822
-7.0506595107525545 0.8458640690557989
-9.192424387968872 21.42491850139453
-3.798239073862381 8.673728927727641
17.15418730500233 18.94965664446459
8.236670883379023 9.923836208877464
23.02103788867696 4.345982586894959
24.28589740473894 -24.521138702293086
2.3150282942535267 -12.24110779980608
-8.734098894554581 -6.25379758846511
21.74312960753838 6.737370367415066
7.468335380170621 -24.683943569845134
-0.04658610848536637 7.031805712594466
-23.711143003337057 7.523861038742352
24.818798188896825 12.61626262716111
17.131295834083446 19.475196601161798
-6.00909255733473 19.426654533530616
-12.923267567680435 -1.1093130178604054
-11.646741981943368 -20.197965140514988
-2.4242186188490193 -16.29768835037253
20.647568386094726 7.488440085487438
6.578304496780513 15.926609467599024
10.306282540637305 21.007650952392765
2.6189326153228913 7.8302430475755385
10.119272290956975 6.923285498110726
7.364087800339142 14.55616222621376
-6.5264069646817635 -22.13540423288721
-23.601796232756225 7.082169142233849
10.732493453233527 -4.380927687425512
-9.646402820562084 23.829070346668775
-7.753509084209723 -22.816494878149925
4.765481734672797 1.937250681317007
-18.51673863700721 18.816959311214873
-20.234142311326746 -6.894116994254112
21.407112642572034 -11.121278781908236
-4.747819758563221 -1.4349940430598895
16.08111505629389 -22.89256554318846
-13.739146759388603 -24.24217479020369
-6.500046928512812 -19.821068418219745
18.343586031142227 -11.884353107878626
10.35282658796072 -0.24406093842041787
9.995904144375109 -24.125298926911615
-15.041979267158737 23.899576839365565
-11.651648170052312 -1.940441715355476
9.260757016884291 -5.881242283552798
19.068204545383708 4.064812309261437
17.9469702560391 -21.72300517292043
16.73655049134964 20.971758540204384
18.0961421318065 8.111901857730833
1.3221671398512935 -14.639215463645842
18.234199955952118 -2.6783018070367315
-7.444829213678342 -2.742652046257579
-11.880640215358296 16.287571008574155
-21.69445154766064 -16.238205289829033
-23.375121537516875 -18.412856642881895
-24.191668445344945 21.627288043180883
9.602278712249582 -11.340862851105715
9.3527998848118 -16.824478315500045
-20.793620529447615 15.305668251355725
19.394893115499066 -7.440017394698059
-0.6187086144766457 7.698587130696555
-9.055560648322428 14.90101017051585
22.26041539376883 -16.682159867300047
-4.506620759407795 -2.306975767925898
-5.825203140905747 -17.85280424022025
-10.723703282072844 21.799353030318024
10.376001297085423 -24.084723225369
-5.12912141444645 10.321432907824299
-22.00502362904908 -22.746560895665873
23.865426347473985 -19.680676032348547
-11.153584197968087 16.987080976511358
16.89851266301407 -7.333931513682113
2.3012642675703936 5.949099114914555
-5.73440466070321 2.4949148822627802
10.226054849141885 -5.186088355013502
-6.716946111142041 4.4552719901113065
3.2683791258344224 1.6836796930014524
20.74233521139349 19.897275294105967
10.230449827984167 16.419737970094406
-22.81927336741476 -18.791035620618953
12.19005129299462 23.983880730168327
24.79239814946769 -9.060478045166631
-14.927031296789153 -11.015466197955762
-20.859081299183522 -9.494017193978271
-16.237124574170117 12.641682931728104
7.063110498624142 8.435041603082627
13.826122712967296 -24.12373085414413
